 676
 676
 98
 34560
 256045
 28539
 15
 595
 28394
 22334
 15552
 155266
 491
 373881
 4193
 32053
 588
 269671
 42606
 10319
 68623
 74343
 12427
 29601
 14501
 12110
 400754
 12163
 240
 22628
 25855
 160657
 12270
 309701
 127952
 224591
 38455
 15702
 40640
 225566
 145900
 226040
 2047
 224587
 117030
 59415
 1758
 2456
 283828
 4139
 4793
 37513
 71874
 5183
 13271
 226
 142960
 17268
 243948
 29588
 57368
 1808
 268618
 67238
 25066
 146264
 169561
 27595
 2077
 4424
 140705
 119
 9957
 573
 73309
 77
 85339
 55835
 13120
 28513
 27507
 67273
 1257
 5604
 77
 117364
 230333
 55550
 140227
 4224
 63854
 763
 10998
 40743
 239
 69169
 351208
 12207
 162711
 3314
 255951
