 26
 26
 18
 227
 3527
 529
 7
 75
 569
 147
 71
 3902
 34
 6452
 259
 210
 35
 4479
 202
 340
 906
 537
 133
 799
 94
 262
 2592
 316
 19
 556
 307
 1356
 230
 2344
 2253
 1947
 278
 402
 87
 3210
 1355
 4675
 77
 1418
 1501
 1881
 120
 100
 5187
 117
 196
 477
 2223
 83
 269
 18
 752
 372
 4566
 375
 831
 50
 1762
 2923
 372
 703
 1658
 307
 68
 91
 4911
 19
 194
 63
 936
 14
 1195
 312
 599
 467
 704
 2179
 43
 84
 13
 4226
 4975
 1077
 4960
 362
 470
 36
 262
 403
 15
 1020
 3761
 350
 2448
 42
 2709
