 75
 75
 14
 1934
 26858
 2703
 7
 50
 1474
 2062
 883
 9777
 34
 45690
 417
 1958
 55
 31140
 2267
 651
 3736
 3526
 823
 2112
 789
 725
 57580
 765
 20
 1791
 1522
 11143
 962
 26930
 10466
 19244
 2553
 1120
 2421
 21855
 10210
 20650
 96
 21870
 8867
 4686
 164
 184
 36481
 367
 411
 2540
 5305
 457
 758
 21
 11021
 1069
 21375
 2276
 4470
 134
 25989
 5425
 2020
 7497
 13277
 1983
 129
 298
 13337
 22
 1011
 82
 4012
 7
 5954
 5374
 1017
 1709
 1732
 5381
 171
 438
 16
 10433
 21708
 5663
 15000
 367
 4511
 63
 858
 2064
 14
 5617
 44208
 962
 12568
 322
 21942
