 78
 78
 18
 7064
 11016
 2509
 9
 62
 1107
 894
 566
 16744
 49
 9869
 1144
 1567
 28
 16693
 1229
 2446
 797
 957
 1352
 2786
 1987
 243
 3898
 578
 37
 1693
 630
 5454
 344
 5579
 9359
 30990
 2776
 391
 10998
 12260
 5919
 14673
 150
 6388
 5628
 4529
 112
 790
 14433
 637
 188
 17096
 6033
 166
 1973
 40
 7469
 1184
 20951
 546
 6300
 119
 23203
 7224
 2561
 12517
 11287
 1276
 130
 120
 7305
 27
 422
 61
 2618
 7
 6072
 1160
 1199
 1671
 1556
 6892
 552
 347
 17
 5266
 8211
 7828
 10384
 792
 4994
 61
 1324
 561
 22
 5138
 19707
 684
 5263
 344
 6064
