 2.00445
 2.00445
 2.33959
 1.81352
 1.66178
 1.79958
 2.35961
 1.99446
 1.79542
 1.77746
 1.86578
 1.71599
 1.95172
 1.60518
 1.86832
 1.8083
 1.99265
 1.66461
 1.82767
 1.82394
 1.75751
 1.76207
 1.84571
 1.80241
 1.85947
 1.83851
 1.60349
 1.84367
 2.10806
 1.77853
 1.78856
 1.7206
 1.83981
 1.66567
 1.70853
 1.65932
 1.82101
 1.86666
 1.82471
 1.65944
 1.71684
 1.65951
 1.94985
 1.65932
 1.70421
 1.74955
 1.9358
 1.9829
 1.66535
 1.8673
 1.88303
 1.8193
 1.76354
 1.89668
 1.8468
 2.10053
 1.71587
 1.875
 1.66113
 1.79796
 1.74744
 1.93375
 1.66452
 1.75939
 1.78636
 1.71381
 1.72226
 1.79346
 1.95156
 1.87371
 1.71506
 2.39558
 1.82071
 1.98899
 1.76132
 2.25073
 1.77274
 1.74587
 1.85036
 1.79949
 1.79321
 1.75942
 1.88496
 1.90511
 2.2841
 1.70435
 1.66001
 1.74556
 1.71489
 1.87426
 1.75361
 2.03079
 1.8341
 1.82489
 2.10738
 1.75799
 1.6055
 1.84392
 1.71739
 1.84193
 1.66178
