 1.62323
 1.62323
 1.73205
 1.56324
 1.5531
 1.59206
 2
 1.57173
 1.53999
 1.56686
 1.57481
 1.54776
 1.51807
 1.52865
 1.59389
 1.56263
 1.57512
 1.56202
 1.57753
 1.54408
 1.54323
 1.53872
 1.57009
 1.57075
 1.56531
 1.5531
 1.54171
 1.56264
 1.59074
 1.55661
 1.5423
 1.55699
 1.58477
 1.5539
 1.55308
 1.53334
 1.58562
 1.59794
 1.58227
 1.5414
 1.55075
 1.53795
 1.53566
 1.54156
 1.54233
 1.56063
 1.59738
 1.60852
 1.57031
 1.575
 1.58791
 1.58614
 1.56975
 1.60195
 1.5614
 1.59553
 1.55662
 1.59238
 1.54035
 1.57623
 1.55838
 1.57723
 1.55125
 1.57252
 1.5671
 1.53019
 1.56967
 1.56515
 1.56866
 1.55855
 1.56837
 1.86441
 1.58768
 1.63795
 1.54929
 1.55246
 1.57898
 1.56966
 1.58713
 1.55199
 1.55497
 1.57293
 1.61118
 1.60227
 1.7818
 1.55282
 1.54039
 1.57377
 1.57737
 1.57731
 1.55818
 1.60007
 1.57446
 1.56734
 1.5098
 1.57429
 1.52634
 1.58725
 1.56512
 1.56379
 1.54021
