 1.62951
 1.62951
 1.79096
 1.47334
 1.49849
 1.51253
 2.11474
 1.4795
 1.5124
 1.43604
 1.52993
 1.5239
 1.57173
 1.41064
 1.71061
 1.54307
 1.47577
 1.47601
 1.52179
 1.45446
 1.42946
 1.44035
 1.61454
 1.59451
 1.44225
 1.45399
 1.39756
 1.53439
 1.69459
 1.54799
 1.46837
 1.50703
 1.42155
 1.45904
 1.5445
 1.46627
 1.59159
 1.49698
 1.62578
 1.45981
 1.46151
 1.42972
 1.58584
 1.46688
 1.50967
 1.55618
 1.5457
 1.81334
 1.46723
 1.63941
 1.43181
 1.52688
 1.51422
 1.49205
 1.56266
 1.53153
 1.4759
 1.52077
 1.41212
 1.45851
 1.51823
 1.54777
 1.4519
 1.47394
 1.58684
 1.46045
 1.45506
 1.41301
 1.56983
 1.46209
 1.52761
 1.93811
 1.50017
 1.59112
 1.4143
 1.55246
 1.57931
 1.45495
 1.60463
 1.42961
 1.54261
 1.4282
 1.52971
 1.4866
 1.79989
 1.45506
 1.43771
 1.43441
 1.49507
 1.66113
 1.45148
 1.58958
 1.61464
 1.46075
 1.58583
 1.56743
 1.48486
 1.47604
 1.41365
 1.48595
 1.46215
