 1.47577
 1.47577
 1.79096
 1.39078
 1.43365
 1.40314
 2
 1.5012
 1.46181
 1.35839
 1.35157
 1.43875
 1.51091
 1.42672
 1.54335
 1.38638
 1.49561
 1.44761
 1.38128
 1.48774
 1.44147
 1.40298
 1.40889
 1.48986
 1.3795
 1.46059
 1.37939
 1.48054
 1.5757
 1.46093
 1.41573
 1.42045
 1.45027
 1.41089
 1.4505
 1.40086
 1.40717
 1.50116
 1.32432
 1.42875
 1.4197
 1.45014
 1.50864
 1.38217
 1.42681
 1.49225
 1.55828
 1.53787
 1.41488
 1.45738
 1.51088
 1.44972
 1.50536
 1.42616
 1.46353
 1.56508
 1.38308
 1.42765
 1.40881
 1.43111
 1.4364
 1.45631
 1.39455
 1.46838
 1.42933
 1.38063
 1.39078
 1.41618
 1.4913
 1.43499
 1.50115
 1.82544
 1.43684
 1.48062
 1.44199
 1.7528
 1.46069
 1.36775
 1.53789
 1.45032
 1.47981
 1.45022
 1.43461
 1.43033
 1.74258
 1.44261
 1.41299
 1.45233
 1.45269
 1.49169
 1.39608
 1.51807
 1.46577
 1.43394
 1.52982
 1.45073
 1.39834
 1.48918
 1.41225
 1.35993
 1.41654
