 132
 132
 33
 10947
 16432
 3927
 20
 110
 1714
 1391
 901
 24603
 92
 15264
 1837
 2460
 49
 24908
 1916
 3797
 1269
 1477
 2132
 4439
 3154
 399
 6020
 944
 68
 2605
 1007
 8292
 562
 8662
 14235
 45083
 4295
 636
 16644
 18694
 9021
 22234
 253
 9851
 8618
 6937
 186
 1264
 21328
 1013
 312
 25784
 9208
 271
 3087
 71
 11413
 1893
 31343
 892
 9759
 189
 34219
 11053
 4070
 18910
 17176
 2010
 224
 204
 11176
 53
 658
 104
 4102
 14
 9319
 1807
 1932
 2599
 2447
 10580
 899
 569
 34
 8112
 12573
 11845
 15556
 1218
 7646
 103
 2134
 917
 40
 8012
 29093
 1106
 8108
 565
 9116
