 127
 127
 27
 3108
 38797
 4318
 16
 92
 2373
 3240
 1431
 14910
 65
 61949
 683
 3086
 94
 44515
 3661
 1044
 5870
 5536
 1364
 3388
 1299
 1146
 77277
 1264
 41
 2879
 2438
 16993
 1583
 39279
 16079
 28533
 4014
 1807
 3864
 32355
 15557
 30663
 172
 32436
 13801
 7345
 276
 300
 50545
 578
 648
 4038
 8253
 733
 1248
 42
 16906
 1709
 31833
 3607
 7136
 237
 37699
 8549
 3249
 11598
 20314
 3177
 222
 499
 19946
 42
 1630
 139
 6348
 14
 9280
 8244
 1621
 2729
 2825
 8594
 306
 735
 32
 16021
 31853
 8686
 22623
 590
 7118
 110
 1426
 3258
 27
 8744
 59561
 1623
 19057
 523
 31762
