 49
 49
 33
 379
 5684
 875
 16
 131
 929
 248
 124
 6189
 62
 10299
 435
 358
 56
 7172
 335
 576
 1500
 873
 241
 1308
 172
 429
 4284
 533
 38
 919
 522
 2256
 383
 3871
 3576
 3262
 468
 665
 157
 5235
 2230
 7479
 139
 2363
 2489
 2998
 205
 175
 8293
 195
 323
 800
 3571
 144
 443
 36
 1255
 607
 7416
 634
 1398
 91
 2927
 4682
 620
 1207
 2743
 525
 121
 157
 7609
 37
 330
 111
 1511
 29
 1955
 525
 979
 806
 1158
 3561
 76
 150
 28
 6601
 8009
 1743
 7801
 601
 791
 65
 454
 657
 30
 1705
 6109
 585
 3962
 74
 4261
