 1047
 1047
 164
 45021
 196683
 39182
 31
 996
 37583
 31363
 21565
 144315
 802
 220593
 6314
 42742
 987
 204880
 51780
 15003
 79062
 83268
 18139
 40307
 20428
 17039
 214652
 17821
 390
 31704
 35079
 153100
 17234
 208027
 131126
 189804
 48485
 21730
 50292
 190148
 145896
 190326
 3020
 189802
 124027
 72199
 2769
 3695
 207080
 6266
 7047
 47672
 84669
 7797
 18311
 379
 144097
 23336
 194849
 38552
 70476
 2734
 204613
 80765
 34310
 140346
 156372
 36850
 3052
 6574
 142603
 189
 14583
 969
 82562
 130
 93947
 69218
 18884
 39148
 36760
 80797
 2012
 8296
 142
 124257
 191707
 68977
 142292
 6601
 75628
 1193
 16397
 50381
 389
 79492
 221743
 17860
 146925
 5174
 196695
